2605796209
2665827481
3613129213
3678058609
3686064013
3694086841
41446029193
42400845937
42442670821
957939341173
959406519769
971112884857
991429879021
992301232357
994243058833
1002458690113
1005303164149
1007915849797
1009071652621
3899666309221
3923692240693
3932232273601
3978385160821
3987044234497
63488350148929
63529983584737
63698488030297
63710249754901
63718130249029
64702894473577
64769929037329
64910902715053
66231772337461
66968544267433
67154986700917
67902028602601
964696241126557
965575465265317
966758847949177
967317214677301
969119872527361
977513214880381
981925266473101
983135298265297
984711476970673
989877649628869
992026998101749
998253190000357
4301923741074121
4303234442515849
4347212947402669
67852748202426349
68567079115352161
69095491673826133
69149675305266529
69877659830550181
70058623840036501
927399887444405413
942501756749533333
957490750959722137
961801438520428081
967512153230325853
994351439828818801
4445131267109549113
4452564365566006237
4485282146974821769
4494579557968508989
4537670003227362577
70891441452298728241
72246449675467591861
970756127631990643501
971547010759101715009
973582014191186150809
993529919475302701753
995525000960489504641
1003892823973846510453
1005315518372912291173
1006005553356908826949
4422699360454552437709
4434081177391901238349
4477318540488765535309
4510498122335701179913
4637329179275383376089
11092398954991109107717
11186058016551581643841
997835878232269860193393
998040091189468858198417
1000477957091140763574193
1002403727406113905860109
11651738070536913351684889
12027277762847516117112181
12040472111768701535937637
12142136262446033665908001
12250637792003722981660801
4243347351991357514018277
75278236231563789429503269
174356507418540732347933917
180837849102655480887143197
996494421123206104497004597
996770894558194342950388849
1002812109992985331506255433
4698415389871998208007620813
4709651732693390652627345913
4769242367205882536082614149
4819451346862344177685686361
189258849559654617313681675837
998650894757610149692384620001
4982826414605095363428438838441
774649442134716469222091208995689
950402185946896656079591332849913
1213418768287711237443022910175541
1244677669356003369598194162674977
840859136266769099141989302482624329
861027643819701747204277038854579437
997841210268749097520592503932722977
1000501956329468604835922515785485653
1007869936230522070333869756933805273
1316872907073608066468826571215294289
